order_id,product_id,quantity,total_line_value
1,1,1,3500000
2,2,2,240000
3,3,1,45000
4,4,1,450000
5,5,2,1200000
6,6,1,250000
7,7,1,320000
8,8,3,240000
9,1,1,3500000
10,10,1,1200000
11,2,1,120000
12,12,1,2800000
13,13,1,90000
14,14,2,2200000
15,15,2,70000
16,16,1,1500000
17,8,2,160000
18,18,1,950000
19,19,5,125000
20,3,10,450000
21,21,1,550000
22,22,1,180000
23,23,1,120000
24,1,1,3500000
25,2,1,120000
26,10,1,1200000
27,12,2,5600000
28,4,2,900000
29,19,2,50000
30,30,3,1350000
31,22,1,180000
32,6,1,250000
33,2,1,120000
34,21,2,1100000
35,1,5,17500000
36,8,4,320000
37,37,2,70000
38,7,1,320000
39,4,1,450000
40,5,1,600000
41,23,1,120000
42,3,2,90000
43,12,1,2800000
44,19,10,250000
45,10,1,1200000
46,15,1,35000
47,18,3,2850000
48,16,1,1500000
49,8,2,160000
50,1,1,3500000
51,2,5,600000
52,22,1,180000
53,7,1,320000
54,14,1,1100000
55,6,1,250000
56,2,1,120000
57,21,1,550000
58,23,2,240000
59,37,5,175000
60,12,1,2800000
61,13,1,90000
62,5,3,1800000
63,3,1,45000
64,8,1,80000
65,15,3,105000
66,1,1,3500000
67,16,1,1500000
68,19,2,50000
69,30,1,450000
70,18,1,950000
71,22,2,360000
72,10,1,1200000
73,4,1,450000
74,12,1,2800000
75,2,1,120000
76,6,1,250000
77,23,1,120000
78,21,1,550000
79,8,1,80000
80,14,1,1100000
81,3,3,135000
82,37,1,35000
83,1,1,3500000
64,13,1,90000
65,7,1,320000
66,5,1,600000
67,30,1,450000
68,15,1,35000
69,22,1,180000
70,18,1,950000
71,16,1,1500000
72,12,1,2800000
73,10,1,1200000
74,1,1,3500000
75,2,2,240000
76,19,1,25000
77,8,1,80000
78,21,1,550000
79,23,1,120000
80,6,1,250000
81,5,1,600000
82,12,2,5600000
83,4,1,450000
